20 0.28598014888337464 0.5043383947939263 0.06575682382133995 0.23644251626898047
12 0.35111662531017374 0.5086769364918627 0.057071960297766754 0.25813449023861174
28 0.41129032258064524 0.5032537960954446 0.05831265508684865 0.24295010845986983
35 0.4739454094292804 0.5 0.062034739454094295 0.227765726681128
1 0.5539702233250621 0.49132321041214744 0.031017369727047148 0.24945770065075923
3 0.6060794044665012 0.4869848156182212 0.060794044665012405 0.24078091106290672
5 0.6674937965260548 0.4902386117136659 0.05955334987593052 0.24295010845986983
1 0.716501240694789 0.4902386117136659 0.031017369727047148 0.23427331887201736
3 0.7624069478908188 0.4880694143167028 0.05086848635235732 0.2299349240780911
3 0.8176178660049628 0.4848156182212581 0.062034739454094295 0.23210412147505421
