28 0.13461538461538464 0.4642082429501084 0.07568238213399506 0.28199566160520606
29 0.05334987593052109 0.378524945770065 0.05955334987593052 0.11496746203904555
33 0.2233250620347394 0.4577006507592191 0.08933002481389575 0.30802603036876364
35 0.3089330024813896 0.44577006507592176 0.08436724565756826 0.2971800433839478
5 0.4615384615384615 0.4284164859002169 0.09181141439205956 0.2885032537960954
6 0.542803970223325 0.42407809110629074 0.07816377171215881 0.2754880694143167
5 0.6246898263027295 0.4154013015184381 0.08312655086848633 0.2971800433839478
4 0.7053349077320981 0.4078091106290673 0.08312655086848633 0.2993492407809111
2 0.7890818059951255 0.41106305362852225 0.0794044665012407 0.2841648590021692
1 0.869727047146402 0.39913232104121477 0.057071960297766754 0.29501084598698485
